-51.9,-34.2
-51.65,-34.2
-51.4,-33.2
-51.15,-32.3
-50.9,-31.5
-50.65,-30.9
-50.4,-30.2
-50.15,-29.7
-49.9,-29.2
-49.65,-29.1
-49.4,-28.7
-49.15,-28.5
-48.9,-28.3
-48.65,-28.2
-48.4,-28.1
-48.15,-28.1
-47.9,-27.8
-47.65,-27.7
-47.4,-27.5
-47.15,-27.4
-46.9,-27.1
-46.65,-26.8
-46.4,-26.3
-46.15,-25.7
-45.9,-25.2
-45.65,-24.6
-45.4,-23.4
-45.15,-22.7
-44.9,-21.7
-44.65,-21.0
-44.4,-19.8
-44.15,-18.8
-43.9,-17.6
-43.65,-16.6
-43.4,-15.6
-43.15,-14.9
-42.9,-13.6
-42.65,-12.9
-42.4,-12.2
-42.15,-11.4
-41.9,-10.4
-41.65,-10.2
-41.4,-9.5
-41.15,-9.0
-40.9,-8.6
-40.65,-8.4
-40.4,-8.3
-40.15,-8.3
-39.9,-7.9
-39.65,-7.9
-39.4,-7.8
-39.15,-7.8
-38.9,-7.7
-38.65,-7.7
-38.4,-7.5
-38.15,-7.8
-37.9,-7.3
-37.65,-7.2
-37.4,-6.8
-37.15,-6.6
-36.9,-6.1
-36.65,-5.6
-36.4,-4.7
-36.15,-4.4
-35.9,-3.7
-35.65,-3.3
-35.4,-2.2
-35.15,-1.4
-34.9,-0.5
-34.65,0.2
-34.4,1.4
-34.15,2.1
-33.9,3.3
-33.65,4.0
-33.4,4.7
-33.15,5.5
-32.9,6.4
-32.65,7.1
-32.4,8.2
-32.15,8.2
-31.9,9.4
-31.65,10.0
-31.4,10.6
-31.15,10.8
-30.9,11.5
-30.65,11.7
-30.4,12.1
-30.15,11.9
-29.9,12.5
-29.65,12.8
-29.4,12.6
-29.15,12.6
-28.9,12.6
-28.65,12.6
-28.4,12.9
-28.15,12.7
-27.9,13.0
-27.65,13.0
-27.4,13.1
-27.15,13.0
-26.9,13.3
-26.65,13.2
-26.4,13.6
-26.15,13.9
-25.9,14.3
-25.65,14.5
-25.4,15.2
-25.15,15.0
-24.9,16.1
-24.65,16.5
-24.4,17.3
-24.15,17.7
-23.9,18.5
-23.65,18.9
-23.4,19.7
-23.15,20.0
-22.9,21.0
-22.65,21.1
-22.4,22.2
-22.15,22.7
-21.9,23.4
-21.65,23.7
-21.4,24.6
-21.15,25.1
-20.9,25.6
-20.65,26.0
-20.4,26.7
-20.15,27.1
-19.9,27.6
-19.65,27.4
-19.4,29.2
-19.15,29.7
-18.9,30.3
-18.65,30.5
-18.4,31.2
-18.15,31.6
-17.9,32.2
-17.65,32.1
-17.4,32.6
-17.15,32.5
-16.9,32.9
-16.65,32.9
-16.4,33.1
-16.15,33.1
-15.9,33.2
-15.65,33.2
-15.4,33.2
-15.15,33.3
-14.9,33.3
-14.65,33.3
-14.4,33.3
-14.15,33.4
-13.9,33.5
-13.65,33.5
-13.4,33.6
-13.15,33.6
-12.9,33.8
-12.65,34.0
-12.4,34.4
-12.15,34.5
-11.9,34.9
-11.65,35.2
-11.4,35.6
-11.15,36.2
-10.9,36.6
-10.65,37.5
-10.4,38.2
-10.15,38.6
-9.9,39.5
-9.65,39.6
-9.4,41.5
-9.15,41.5
-8.9,42.6
-8.65,43.5
-8.4,44.5
-8.15,45.3
-7.9,46.4
-7.65,47.1
-7.4,47.7
-7.15,48.3
-6.9,49.4
-6.65,49.9
-6.4,50.8
-6.15,51.3
-5.9,51.8
-5.65,52.1
-5.4,52.5
-5.15,52.8
-4.9,53.1
-4.65,53.2
-4.4,53.5
-4.15,53.7
-3.9,53.8
-3.65,53.8
-3.4,53.9
-3.15,53.9
-2.9,53.9
-2.65,53.8
-2.4,53.9
-2.15,53.8
-1.9,53.9
-1.65,53.9
-1.4,53.9
-1.15,53.9
-0.9,53.9
-0.65,53.9
-0.4,53.9
-0.15,53.8
0.1,53.8
0.35,53.8
0.6,53.9
0.85,53.8
1.1,53.9
1.35,53.9
1.6,53.9
1.85,54.0
2.1,54.0
2.35,54.0
2.6,54.1
2.85,54.0
3.1,54.2
3.35,54.3
3.6,54.4
3.85,54.6
4.1,54.9
4.35,55.2
4.6,55.5
4.85,56.0
5.1,56.5
5.35,56.9
5.6,57.4
5.85,58.3
6.1,59.0
6.35,59.4
6.6,60.3
6.85,60.9
7.1,61.4
7.35,62.0
7.6,62.4
7.85,63.1
8.1,63.4
8.35,63.9
8.6,64.3
8.85,64.7
9.1,65.2
9.35,65.7
9.6,66.2
9.85,66.5
10.1,67.2
10.35,67.9
10.6,68.4
10.85,69.1
11.1,69.7
11.35,70.3
11.6,70.8
11.85,71.3
12.1,72.0
12.35,72.3
12.6,72.8
12.85,73.1
13.1,73.3
13.35,73.5
13.6,73.6
13.85,73.7
14.1,73.8
14.35,73.8
14.6,73.8
14.85,73.8
15.1,73.9
15.35,73.9
15.6,73.9
15.85,73.9
16.1,73.9
16.35,73.9
16.6,73.9
16.85,73.9
17.1,73.9
17.35,74.0
17.6,74.0
17.85,74.0
18.1,74.1
18.35,74.2
18.6,74.3
18.85,74.3
19.1,74.9
19.35,75.3
19.6,75.7
19.85,76.2
20.1,77.0
20.35,77.8
20.6,78.8
20.85,80.0
21.1,81.2
21.35,82.3
21.6,83.7
21.85,85.2
22.1,86.3
22.35,86.3
22.6,89.0
22.85,90.1
23.1,91.1
23.35,92.2
23.6,92.5
23.85,92.9
24.1,93.3
24.35,93.6
24.6,93.8
24.85,94.0
25.1,94.0
25.35,94.1
25.6,94.1
25.85,94.1
26.1,94.1
26.35,94.2
26.6,94.2
26.85,94.2
27.1,94.2
27.35,94.2
27.6,94.5
27.85,94.7
28.1,95.0
28.35,95.2
28.6,95.7
28.85,96.2
29.1,96.8
29.35,97.2
29.6,98.1
29.85,99.3
30.1,100.1
30.35,101.2
30.6,102.1
30.85,103.3
31.1,104.1
31.35,105.1
31.6,106.7
31.85,107.9
32.1,108.8
32.35,109.8
32.6,110.7
32.85,111.3
33.1,112.0
33.35,112.6
33.6,113.0
33.85,113.5
34.1,113.8
34.35,114.0
34.6,114.1
34.85,114.1
35.1,114.2
35.35,114.2
35.6,114.3
35.85,114.5
36.1,114.6
36.35,114.7
36.6,114.8
36.85,115.0
37.1,115.3
37.35,115.7
37.6,116.0
37.85,116.1
38.1,117.0
38.35,117.7
38.6,118.5
38.85,119.5
39.1,120.4
39.35,121.2
39.6,122.1
39.85,123.0
40.1,124.0
40.35,125.2
40.6,126.1
40.85,127.1
41.1,128.0
41.35,129.0
41.6,129.9
41.85,130.7
42.1,131.4
42.35,132.0
42.6,132.3
42.85,133.0
43.1,133.1
43.35,133.8
43.6,134.0
43.85,134.2
44.1,134.2
44.35,134.5
44.6,134.6
44.85,134.9
45.1,135.0
45.35,135.1
45.6,135.1
45.85,135.8
46.1,136.5
46.35,137.0
46.6,137.6
46.85,138.1
47.1,138.9
47.35,139.8
47.6,140.6
47.85,141.7
48.1,142.7
48.35,143.4
48.6,144.3
48.85,145.3
49.1,146.3
49.35,147.2
49.6,148.2
49.85,149.2
50.1,150.1
